10001100000011010000000000011011
10001100000011100000000000011100
10001100000011110000000000011101
00100000000110000000000000011110
00000000000000001100100000100000
10001111000010000000000000000000
00000001000011010100100000011000
10101111001010010000000000000000
00100011000110000000000000000001
00100011001110010000000000000001
10001111000010010000000000000000
00000001000011100101000000011000
00000001001011010101100000011000
00000001010010110110000000100000
10101111001011000000000000000000
00100010000100000000000000000010
00100010001100010000000000010101
00010010000100010000000000100000
10001110000010000000000000011110
00100000000100110000000000000001
00000010000100111010000000100010
10001110100010010000000000011110
00000010000100111010000000100010
10001110100010100000000000011110
00000001000011010100000000011000
00000001001011100100100000011000
00000001010011110101000000011000
00000001000010010101100000100000
00000001011010100101100000100000
10101110000010110000000000000000
00100010000100000000000000000001
00001000000000000000000000010010
