11111111111111111111111111111111
00000000000000000000000000000011
11111111111111111111111111111100
11111111111111111111111111111110
00000000000000000000000000000010
11111111111111111111111111111101
00000000000000000000000000000001
11111111111111111111111111111111
00000000000000000000000000000011
11111111111111111111111111111100
11111111111111111111111111111101
00000000000000000000000000000001
00000000000000000000000000000100
00000000000000000000000000000011
00000000000000000000000000000011
11111111111111111111111111111101
xxxxxxxxxxxxxxxxxxxxxxxxxxxxxxxx
xxxxxxxxxxxxxxxxxxxxxxxxxxxxxxxx
xxxxxxxxxxxxxxxxxxxxxxxxxxxxxxxx
xxxxxxxxxxxxxxxxxxxxxxxxxxxxxxxx
11111111111111111111111111111101
00000000000000000000000000000111
00000000000000000000000000000100
00000000000000000000000000000011
11111111111111111111111111111110
11111111111111111111111111111111
00000000000000000000000000000011
11111111111111111111111111111111
11111111111111111111111111111111
00000000000000000000000000000011
11111111111111111111111111111111
00000000000000000000000000000100
11111111111111111111111111111010
00000000000000000000000000000001
00000000000000000000000000000010
00000000000000000000000000000101
xxxxxxxxxxxxxxxxxxxxxxxxxxxxxxxx
xxxxxxxxxxxxxxxxxxxxxxxxxxxxxxxx
xxxxxxxxxxxxxxxxxxxxxxxxxxxxxxxx
xxxxxxxxxxxxxxxxxxxxxxxxxxxxxxxx
00000000000000000000000000001101
11111111111111111111111111101000
00000000000000000000000000000101
11111111111111111111111111100000
00000000000000000000000000000101
00000000000000000000000000010011
11111111111111111111111111111100
00000000000000000000000000001000
11111111111111111111111111111100
00000000000000000000000000010001
00000000000000000000000000000101
00000000000000000000000000000110
11111111111111111111111111111101
00000000000000000000000000011111
00000000000000000000000000010000
00000000000000000000000000000110